 CFHTLS_221_1790   271.333    41.333   3.0  3 3 3  1.0000000 50
 CFHTLS_169_0267    25.319   377.007   3.0  3 3 3  1.0000000 48
 CFHTLS_137_1492   247.667   396.000   3.0  3 3 3  1.0000000 50
 CFHTLS_121_0769   132.667    51.000   3.0  3 3 3  1.0000000 50
 CFHTLS_085_0354    60.333    49.667   3.0  3 3 3  1.0000000 50
 CFHTLS_085_0353    59.000   433.000   3.0  3 3 3  1.0000000 50
 CFHTLS_084_0400    63.667   360.667   3.0  3 3 3  1.0000000 50
 CFHTLS_082_0780   133.667   219.333   3.0  3 3 3  1.0000000 50
 CFHTLS_049_2164   195.000    96.667   3.0  3 3 3  1.0000000 45
 CFHTLS_039_1471   318.333   185.667   3.0  3 3 3  1.0000000 50
 CFHTLS_031_1253   206.000    18.667   3.0  3 3 3  1.0000000 50
 CFHTLS_030_1299   206.667   329.333   3.0  3 3 3  1.0000000 49
 CFHTLS_001_1554   136.667   391.667   3.0  3 3 3  1.0000000 50
 CFHTLS_111_2405    59.667   389.333   3.0  3 3 3  0.9999999 50
 CFHTLS_052_1191   263.000   159.000   3.0  3 3 3  0.9999417 50
 CFHTLS_104_0105   175.800   387.438   3.0  3 3 3  0.9916414 49
 CFHTLS_100_2062    17.111    40.111   3.0  3 3 3  0.9584766 49
 CFHTLS_115_0139   171.667   393.667   3.0  3 3 3  0.9369374 50
 CFHTLS_100_2012   404.000    39.000   3.0  3 3 3  0.9294244 30
 CFHTLS_322_2389   222.333   392.667   3.0  3 3 3  0.6284183 50
 CFHTLS_126_0352    71.847   235.580   2.7  3 3 2  0.9733839 50
 CFHTLS_338_1728   237.473   285.781   2.7  3 3 2  0.9480862 50
 CFHTLS_111_0996   213.949   386.081   2.7  3 3 2  0.6375548 48
 CFHTLS_109_1055   397.333   391.333   2.7  2 3 3  1.0000000 50
 CFHTLS_081_1563   310.208   283.354   2.7  2 3 3  1.0000000 49
 CFHTLS_028_1736   210.667    64.667   2.7  2 3 3  1.0000000 44
 CFHTLS_137_0881   370.333   314.667   2.7  2 3 3  0.9999996 50
 CFHTLS_119_0705    75.000    65.000   2.7  2 3 3  0.9999986 49
 CFHTLS_221_1789   271.000   428.333   2.7  2 3 3  0.9999982 30
 CFHTLS_097_2098   137.000   281.667   2.7  2 3 3  0.9999950 50
 CFHTLS_169_0217   411.667   377.000   2.7  2 3 3  0.9999841 50
 CFHTLS_105_1741   245.547    17.745   2.7  2 3 3  0.9999783 50
 CFHTLS_001_1555   136.235     6.956   2.7  2 3 3  0.9999336 50
 CFHTLS_010_0185    90.778   134.667   2.7  2 3 3  0.9995577 40
 CFHTLS_105_1740   246.222   403.444   2.7  2 3 3  0.9994919 50
 CFHTLS_024_2215   116.556   253.200   2.7  2 3 3  0.9994605 50
 CFHTLS_085_0304   435.333    53.556   2.7  2 3 3  0.9965879 49
 CFHTLS_105_0231   312.763   299.434   2.7  2 3 3  0.9827291 50
 CFHTLS_102_0141   246.974   178.137   2.7  2 3 3  0.9806830 47
 CFHTLS_037_1973   285.437    87.285   2.7  2 3 3  0.9670358 50
 CFHTLS_109_1105     9.935   392.137   2.7  2 3 3  0.9307280 33
 CFHTLS_286_0612   185.762   130.487   2.7  2 3 3  0.8928574 49
 CFHTLS_100_2011   402.667   425.667   2.7  2 3 3  0.8338321 30
 CFHTLS_045_1236   295.333   183.667   2.7  2 3 3  0.7590895 50
 CFHTLS_142_0979   257.556    36.222   2.7  2 3 3  0.1751217 21
 CFHTLS_102_0883   200.889   336.889   2.7  2 3 3  0.0120757 25
 CFHTLS_308_0224   209.577   373.943   2.7  2 3 3  0.0052854 49
 CFHTLS_109_1106    11.667     8.667   2.7  2 3 3  0.0044333 37
 CFHTLS_100_2061    17.333   424.667   2.7  2 3 3  0.0031216 21
